function m = fmach (Vc,h)

a = 661;
c1 = 6.875586e-6;
c2 = 5.255863;

x1 = (Vc^2/(5*a^2)+1)^(7/2)-1;
x2 = (1-c1*h)^c2;
x3 = (x1/x2+1)^(2/7)-1;
m = sqrt (5*x3);

